pygeostat_saved_data
4
X
Y
Co
Ni
88.000000 249.000000 0.000000 -999.000000
70.000000 121.000000 0.828900 0.000000
231.000000 249.000000 3.237300 -999.000000
46.000000 198.000000 21.716100 1.821420
28.000000 229.000000 5.348700 -999.000000
109.000000 268.000000 5.070600 -999.000000
81.000000 81.000000 15.816600 0.532440
93.000000 90.000000 23.598000 2.784510
249.000000 48.000000 11.952900 -999.000000
91.000000 111.000000 22.310100 -999.000000
231.000000 28.000000 11.499300 -999.000000
28.000000 80.000000 16.383600 0.284310
10.000000 231.000000 2.216700 -999.000000
170.000000 230.000000 4.673700 -999.000000
50.000000 81.000000 16.416000 0.568890
101.000000 68.000000 10.343700 0.264060
100.000000 48.000000 1.314900 0.000000
106.000000 130.000000 17.590500 5.285790
211.000000 130.000000 6.045300 -999.000000
211.000000 11.000000 9.668700 -999.000000
170.000000 210.000000 17.188199 -999.000000
211.000000 49.000000 8.337600 -999.000000
51.000000 168.000000 26.241301 -999.000000
79.000000 138.000000 19.712699 4.575150
168.000000 290.000000 0.834300 -999.000000
79.000000 149.000000 1.190700 0.000000
188.000000 210.000000 8.988300 -999.000000
129.000000 90.000000 6.563700 -999.000000
90.000000 211.000000 0.000000 -999.000000
51.000000 109.000000 12.168900 -999.000000
68.000000 110.000000 8.885700 -999.000000
51.000000 101.000000 13.564800 0.199260
29.000000 59.000000 20.862900 4.084290
110.000000 148.000000 1.039500 -999.000000
225.000000 19.000000 22.469400 1.382940
70.000000 198.000000 17.010000 5.378670
190.000000 89.000000 8.802000 -999.000000
44.000000 180.000000 23.662801 2.532060
51.000000 290.000000 4.309200 -999.000000
189.000000 270.000000 2.484000 -999.000000
35.000000 80.000000 4.719600 0.005400
73.000000 141.000000 21.354301 1.639710
169.000000 249.000000 0.459000 -999.000000
229.000000 228.000000 17.266500 -999.000000
46.000000 148.000000 6.318000 0.020250
188.000000 111.000000 8.777700 -999.000000
220.000000 81.000000 7.346700 0.478710
64.000000 191.000000 34.017301 3.395520
95.000000 121.000000 22.237199 1.480680
50.000000 211.000000 26.144100 -999.000000
50.000000 160.000000 23.735699 1.280340
55.000000 211.000000 24.016500 2.534760
90.000000 140.000000 17.517600 5.798250
8.000000 30.000000 0.000000 -999.000000
80.000000 131.000000 21.643199 1.136970
226.000000 221.000000 21.602699 4.540050
15.000000 88.000000 16.470000 0.862110
54.000000 161.000000 25.901100 1.260090
205.000000 89.000000 21.859199 2.580660
51.000000 18.000000 6.307200 0.038340
36.000000 219.000000 11.585700 0.411210
40.000000 200.000000 17.315100 0.672570
130.000000 48.000000 2.030400 -999.000000
90.000000 49.000000 17.676900 -999.000000
149.000000 29.000000 8.802000 -999.000000
61.000000 139.000000 12.879000 0.193050
131.000000 288.000000 1.908900 -999.000000
78.000000 28.000000 21.103199 1.526580
240.000000 239.000000 4.660200 0.140130
49.000000 29.000000 2.602800 -999.000000
109.000000 129.000000 18.954000 -999.000000
169.000000 221.000000 11.534400 0.532440
69.000000 208.000000 2.629800 -999.000000
208.000000 289.000000 0.791100 -999.000000
131.000000 31.000000 0.785700 -999.000000
80.000000 49.000000 20.449801 1.279260
150.000000 49.000000 8.982900 -999.000000
231.000000 208.000000 12.182400 -999.000000
131.000000 148.000000 5.000400 -999.000000
58.000000 179.000000 30.067199 5.817690
54.000000 80.000000 13.041000 0.283500
34.000000 201.000000 8.588700 0.214920
158.000000 228.000000 15.076801 1.489320
61.000000 121.000000 2.829600 0.004860
61.000000 158.000000 23.460301 2.656260
73.000000 149.000000 19.518301 1.879470
191.000000 48.000000 1.595700 -999.000000
230.000000 50.000000 7.983900 -999.000000
111.000000 31.000000 4.768200 -999.000000
35.000000 208.000000 11.580300 0.435240
10.000000 170.000000 10.489500 -999.000000
40.000000 190.000000 26.214301 3.755970
168.000000 271.000000 7.643700 -999.000000
231.000000 239.000000 9.560700 1.290600
71.000000 29.000000 18.179100 -999.000000
89.000000 170.000000 4.198500 -999.000000
215.000000 89.000000 16.070400 3.933900
100.000000 118.000000 9.819900 0.055350
39.000000 221.000000 16.629301 1.136430
238.000000 229.000000 16.270199 4.079430
11.000000 8.000000 0.000000 -999.000000
9.000000 48.000000 6.058800 -999.000000
8.000000 69.000000 11.728800 -999.000000
9.000000 90.000000 11.126700 -999.000000
10.000000 110.000000 15.854400 -999.000000
9.000000 129.000000 5.192100 -999.000000
11.000000 150.000000 0.845100 -999.000000
8.000000 188.000000 4.714200 -999.000000
9.000000 209.000000 5.070600 -999.000000
11.000000 250.000000 2.189700 -999.000000
10.000000 269.000000 3.356100 -999.000000
8.000000 288.000000 5.076000 -999.000000
31.000000 11.000000 0.774900 -999.000000
29.000000 29.000000 2.108700 -999.000000
28.000000 51.000000 7.886700 -999.000000
31.000000 68.000000 24.170400 -999.000000
28.000000 88.000000 18.970199 -999.000000
30.000000 110.000000 13.238100 -999.000000
28.000000 130.000000 3.674700 -999.000000
28.000000 150.000000 9.045000 -999.000000
30.000000 171.000000 7.479000 -999.000000
28.000000 190.000000 5.564700 -999.000000
31.000000 209.000000 0.661500 -999.000000
30.000000 250.000000 1.628100 -999.000000
31.000000 269.000000 8.440200 -999.000000
11.000000 8.000000 0.000000 -999.000000
9.000000 48.000000 6.058800 -999.000000
8.000000 69.000000 11.728800 -999.000000
9.000000 90.000000 11.126700 -999.000000
10.000000 110.000000 15.854400 -999.000000
9.000000 129.000000 5.192100 -999.000000
11.000000 150.000000 0.845100 -999.000000
8.000000 188.000000 4.714200 -999.000000
9.000000 209.000000 5.070600 -999.000000
11.000000 250.000000 2.189700 -999.000000
10.000000 269.000000 3.356100 -999.000000
8.000000 288.000000 5.076000 -999.000000
31.000000 11.000000 0.774900 -999.000000
29.000000 29.000000 2.108700 -999.000000
28.000000 51.000000 7.886700 -999.000000
31.000000 68.000000 24.170400 -999.000000
28.000000 88.000000 18.970199 -999.000000
30.000000 110.000000 13.238100 -999.000000
28.000000 130.000000 3.674700 -999.000000
28.000000 150.000000 9.045000 -999.000000
30.000000 171.000000 7.479000 -999.000000
28.000000 190.000000 5.564700 -999.000000
31.000000 209.000000 0.661500 -999.000000
30.000000 250.000000 1.628100 -999.000000
31.000000 269.000000 8.440200 -999.000000
31.000000 289.000000 6.504300 -999.000000
49.000000 11.000000 17.639100 -999.000000
51.000000 48.000000 2.835000 -999.000000
49.000000 68.000000 1.020600 -999.000000
50.000000 88.000000 22.161600 -999.000000
28.000000 88.000000 18.970199 -999.000000
30.000000 110.000000 13.238100 -999.000000
28.000000 130.000000 3.674700 -999.000000
28.000000 150.000000 9.045000 -999.000000
30.000000 171.000000 7.479000 -999.000000
28.000000 190.000000 5.564700 -999.000000
31.000000 209.000000 0.661500 -999.000000
30.000000 250.000000 1.628100 -999.000000
31.000000 269.000000 8.440200 -999.000000
31.000000 289.000000 6.504300 -999.000000
49.000000 11.000000 17.639100 -999.000000
51.000000 48.000000 2.835000 -999.000000
49.000000 68.000000 1.020600 -999.000000
50.000000 88.000000 22.161600 -999.000000
48.000000 129.000000 5.140800 -999.000000
49.000000 151.000000 20.879100 -999.000000
48.000000 190.000000 20.584801 -999.000000
49.000000 231.000000 10.656900 -999.000000
51.000000 250.000000 9.261000 -999.000000
50.000000 268.000000 23.322600 -999.000000
71.000000 9.000000 12.036600 -999.000000
70.000000 51.000000 6.820200 -999.000000
68.000000 70.000000 14.512500 -999.000000
69.000000 90.000000 0.000000 -999.000000
68.000000 128.000000 17.450100 -999.000000
69.000000 148.000000 16.637400 -999.000000
11.000000 8.000000 0.000000 -999.000000
9.000000 48.000000 6.058800 -999.000000
8.000000 69.000000 11.728800 -999.000000
9.000000 90.000000 11.126700 -999.000000
10.000000 110.000000 15.854400 -999.000000
9.000000 129.000000 5.192100 -999.000000
11.000000 150.000000 0.845100 -999.000000
8.000000 188.000000 4.714200 -999.000000
9.000000 209.000000 5.070600 -999.000000
11.000000 250.000000 2.189700 -999.000000
10.000000 269.000000 3.356100 -999.000000
8.000000 288.000000 5.076000 -999.000000
31.000000 11.000000 0.774900 -999.000000
29.000000 29.000000 2.108700 -999.000000
28.000000 51.000000 7.886700 -999.000000
31.000000 68.000000 24.170400 -999.000000
28.000000 88.000000 18.970199 -999.000000
30.000000 110.000000 13.238100 -999.000000
28.000000 130.000000 3.674700 -999.000000
28.000000 150.000000 9.045000 -999.000000
30.000000 171.000000 7.479000 -999.000000
28.000000 190.000000 5.564700 -999.000000
31.000000 209.000000 0.661500 -999.000000
30.000000 250.000000 1.628100 -999.000000
31.000000 269.000000 8.440200 -999.000000
31.000000 289.000000 6.504300 -999.000000
49.000000 11.000000 17.639100 -999.000000
51.000000 48.000000 2.835000 -999.000000
49.000000 68.000000 1.020600 -999.000000
50.000000 88.000000 22.161600 -999.000000
48.000000 129.000000 5.140800 -999.000000
49.000000 151.000000 20.879100 -999.000000
50.000000 88.000000 22.161600 -999.000000
48.000000 129.000000 5.140800 -999.000000
49.000000 151.000000 20.879100 -999.000000
48.000000 190.000000 20.584801 -999.000000
49.000000 231.000000 10.656900 -999.000000
51.000000 250.000000 9.261000 -999.000000
50.000000 268.000000 23.322600 -999.000000
71.000000 9.000000 12.036600 -999.000000
70.000000 51.000000 6.820200 -999.000000
68.000000 70.000000 14.512500 -999.000000
69.000000 90.000000 0.000000 -999.000000
68.000000 128.000000 17.450100 -999.000000
69.000000 148.000000 16.637400 -999.000000
69.000000 169.000000 20.555100 -999.000000
11.000000 8.000000 0.000000 -999.000000
9.000000 48.000000 6.058800 -999.000000
8.000000 69.000000 11.728800 -999.000000
9.000000 90.000000 11.126700 -999.000000
10.000000 110.000000 15.854400 -999.000000
9.000000 129.000000 5.192100 -999.000000
11.000000 150.000000 0.845100 -999.000000
8.000000 188.000000 4.714200 -999.000000
9.000000 209.000000 5.070600 -999.000000
11.000000 250.000000 2.189700 -999.000000
10.000000 269.000000 3.356100 -999.000000
8.000000 288.000000 5.076000 -999.000000
31.000000 11.000000 0.774900 -999.000000
29.000000 29.000000 2.108700 -999.000000
28.000000 51.000000 7.886700 -999.000000
31.000000 68.000000 24.170400 -999.000000
28.000000 88.000000 18.970199 -999.000000
30.000000 110.000000 13.238100 -999.000000
28.000000 130.000000 3.674700 -999.000000
28.000000 150.000000 9.045000 -999.000000
30.000000 171.000000 7.479000 -999.000000
28.000000 190.000000 5.564700 -999.000000
31.000000 209.000000 0.661500 -999.000000
30.000000 250.000000 1.628100 -999.000000
31.000000 269.000000 8.440200 -999.000000
31.000000 289.000000 6.504300 -999.000000
10.000000 110.000000 15.854400 -999.000000
9.000000 129.000000 5.192100 -999.000000
11.000000 150.000000 0.845100 -999.000000
8.000000 188.000000 4.714200 -999.000000
9.000000 209.000000 5.070600 -999.000000
11.000000 250.000000 2.189700 -999.000000
10.000000 269.000000 3.356100 -999.000000
8.000000 288.000000 5.076000 -999.000000
31.000000 11.000000 0.774900 -999.000000
29.000000 29.000000 2.108700 -999.000000
28.000000 51.000000 7.886700 -999.000000
31.000000 68.000000 24.170400 -999.000000
28.000000 88.000000 18.970199 -999.000000
30.000000 110.000000 13.238100 -999.000000
28.000000 130.000000 3.674700 -999.000000
28.000000 150.000000 9.045000 -999.000000
30.000000 171.000000 7.479000 -999.000000
28.000000 190.000000 5.564700 -999.000000
31.000000 209.000000 0.661500 -999.000000
30.000000 250.000000 1.628100 -999.000000
31.000000 269.000000 8.440200 -999.000000
31.000000 289.000000 6.504300 -999.000000
49.000000 11.000000 17.639100 -999.000000
51.000000 48.000000 2.835000 -999.000000
49.000000 68.000000 1.020600 -999.000000
50.000000 88.000000 22.161600 -999.000000
48.000000 129.000000 5.140800 -999.000000
49.000000 151.000000 20.879100 -999.000000
48.000000 190.000000 20.584801 -999.000000
49.000000 231.000000 10.656900 -999.000000
51.000000 250.000000 9.261000 -999.000000
50.000000 268.000000 23.322600 -999.000000
71.000000 9.000000 12.036600 -999.000000
70.000000 51.000000 6.820200 -999.000000
68.000000 70.000000 14.512500 -999.000000
229.000000 169.000000 0.000000 -999.000000
231.000000 191.000000 3.715200 -999.000000
231.000000 268.000000 0.734400 -999.000000
230.000000 291.000000 0.056700 -999.000000
249.000000 9.000000 4.527900 -999.000000
250.000000 30.000000 3.990600 -999.000000
251.000000 69.000000 13.167900 -999.000000
251.000000 91.000000 0.000000 -999.000000
248.000000 109.000000 0.761400 -999.000000
249.000000 130.000000 0.000000 -999.000000
248.000000 150.000000 0.494100 -999.000000
250.000000 169.000000 7.190100 -999.000000
250.000000 190.000000 13.562100 -999.000000
251.000000 208.000000 0.000000 -999.000000
251.000000 229.000000 6.504300 -999.000000
249.000000 251.000000 6.328800 -999.000000
248.000000 270.000000 0.604800 -999.000000
250.000000 291.000000 1.231200 -999.000000
40.000000 71.000000 2.057400 0.002970
21.000000 69.000000 7.676100 0.021060
41.000000 81.000000 7.276500 0.026460
18.000000 80.000000 27.990899 2.323080
39.000000 60.000000 6.442200 0.034290
18.000000 60.000000 14.023801 0.478170
41.000000 90.000000 11.202300 0.063180
21.000000 90.000000 16.237801 0.467370
31.000000 101.000000 15.638400 0.800550
21.000000 90.000000 16.237801 0.467370
31.000000 101.000000 15.638400 0.800550
41.000000 100.000000 16.237801 0.811620
21.000000 100.000000 16.054199 0.620190
60.000000 8.000000 14.852699 0.697410
40.000000 11.000000 2.683800 0.005940
59.000000 20.000000 0.388800 0.000270
41.000000 21.000000 3.129300 0.008370
59.000000 90.000000 13.667400 0.342630
59.000000 101.000000 9.825300 0.082080
60.000000 81.000000 10.411200 0.135810
60.000000 151.000000 41.069699 9.967860
38.000000 148.000000 9.204300 0.135000
50.000000 138.000000 11.161800 0.224100
39.000000 160.000000 17.749801 0.588060
38.000000 140.000000 7.249500 0.070740
61.000000 170.000000 21.772801 0.812970
39.000000 170.000000 24.688801 4.180950
49.000000 179.000000 21.910500 0.634230
39.000000 181.000000 27.216000 9.820980
60.000000 191.000000 41.258699 5.213430
51.000000 198.000000 29.943000 4.484160
60.000000 198.000000 32.505301 4.896990
59.000000 268.000000 14.663699 4.628340
41.000000 271.000000 23.457600 2.237490
49.000000 278.000000 15.741000 4.829760
51.000000 260.000000 18.108900 10.095030
59.000000 281.000000 4.017600 1.822500
39.000000 279.000000 21.546000 3.191670
59.000000 258.000000 5.262300 2.654910
38.000000 260.000000 17.150400 2.069820
60.000000 29.000000 6.442200 0.034290
70.000000 41.000000 12.744000 0.229230
70.000000 21.000000 1.568700 0.000810
78.000000 41.000000 16.208100 0.336420
61.000000 41.000000 1.752300 0.002160
78.000000 20.000000 13.659300 0.189000
58.000000 128.000000 4.287600 0.011610
71.000000 140.000000 16.370100 0.472770
80.000000 119.000000 11.372400 0.094770
71.000000 160.000000 21.629699 6.844500
78.000000 159.000000 20.034000 9.103050
80.000000 168.000000 18.605699 1.713420
69.000000 181.000000 11.464200 2.059020
200.000000 139.000000 6.234300 0.113940
239.000000 8.000000 6.488100 0.216540
218.000000 8.000000 19.901699 3.708180
229.000000 19.000000 14.002199 0.398790
239.000000 18.000000 10.548900 0.504090
218.000000 18.000000 21.529801 3.860190
218.000000 228.000000 11.631600 0.716040
230.000000 221.000000 16.264801 1.455030
221.000000 241.000000 8.769600 0.785430
239.000000 220.000000 11.342700 1.075410
218.000000 218.000000 20.614500 3.339090
35.000000 71.000000 18.570600 1.314360
24.000000 71.000000 19.866600 1.252530
34.000000 88.000000 2.346300 0.000270
23.000000 91.000000 22.059000 1.913760
54.000000 10.000000 17.223301 0.943380
46.000000 11.000000 13.832100 1.058400
55.000000 89.000000 11.431800 0.057240

