pygeostat_saved_data
4
X
Y
Co
Ni
8.000000 30.000000 0.000000 -999.000000
9.000000 48.000000 6.058800 -999.000000
8.000000 69.000000 11.728800 -999.000000
9.000000 90.000000 11.126700 -999.000000
10.000000 110.000000 15.854400 -999.000000
9.000000 129.000000 5.192100 -999.000000
10.000000 170.000000 10.489500 -999.000000
9.000000 209.000000 5.070600 -999.000000
10.000000 231.000000 2.216700 -999.000000
11.000000 250.000000 2.189700 -999.000000
10.000000 269.000000 3.356100 -999.000000
8.000000 288.000000 5.076000 -999.000000
31.000000 11.000000 0.774900 -999.000000
29.000000 29.000000 2.108700 -999.000000
28.000000 51.000000 7.886700 -999.000000
31.000000 68.000000 24.170400 -999.000000
28.000000 88.000000 18.970199 -999.000000
30.000000 110.000000 13.238100 -999.000000
28.000000 130.000000 3.674700 -999.000000
28.000000 150.000000 9.045000 -999.000000
30.000000 171.000000 7.479000 -999.000000
31.000000 209.000000 0.661500 -999.000000
31.000000 289.000000 6.504300 -999.000000
49.000000 11.000000 17.639100 -999.000000
51.000000 48.000000 2.835000 -999.000000
49.000000 68.000000 1.020600 -999.000000
50.000000 88.000000 22.161600 -999.000000
51.000000 109.000000 12.168900 -999.000000
48.000000 129.000000 5.140800 -999.000000
49.000000 151.000000 20.879100 -999.000000
48.000000 190.000000 20.584801 -999.000000
50.000000 211.000000 26.144100 -999.000000
49.000000 231.000000 10.656900 -999.000000
51.000000 290.000000 4.309200 -999.000000
71.000000 9.000000 12.036600 -999.000000
70.000000 51.000000 6.820200 -999.000000
69.000000 90.000000 0.000000 -999.000000
69.000000 169.000000 20.555100 -999.000000
70.000000 191.000000 24.786000 -999.000000
69.000000 208.000000 2.629800 -999.000000
69.000000 229.000000 0.000000 -999.000000
68.000000 250.000000 0.000000 -999.000000
71.000000 268.000000 0.000000 -999.000000
91.000000 11.000000 9.944100 -999.000000
91.000000 29.000000 2.473200 -999.000000
90.000000 49.000000 17.676900 -999.000000
91.000000 111.000000 22.310100 -999.000000
88.000000 149.000000 14.879699 -999.000000
89.000000 170.000000 4.198500 -999.000000
89.000000 188.000000 0.288900 -999.000000
90.000000 211.000000 0.000000 -999.000000
88.000000 249.000000 0.000000 -999.000000
88.000000 288.000000 1.679400 -999.000000
109.000000 11.000000 10.789200 -999.000000
111.000000 31.000000 4.768200 -999.000000
108.000000 49.000000 10.854000 -999.000000
109.000000 68.000000 7.036200 -999.000000
108.000000 88.000000 5.184000 -999.000000
110.000000 109.000000 6.415200 -999.000000
109.000000 129.000000 18.954000 -999.000000
110.000000 148.000000 1.039500 -999.000000
111.000000 169.000000 0.596700 -999.000000
111.000000 191.000000 0.072900 -999.000000
110.000000 208.000000 0.483300 -999.000000
109.000000 230.000000 4.703400 -999.000000
109.000000 268.000000 5.070600 -999.000000
111.000000 291.000000 7.257600 -999.000000
130.000000 9.000000 15.457500 -999.000000
130.000000 48.000000 2.030400 -999.000000
128.000000 70.000000 10.797300 -999.000000
131.000000 109.000000 0.000000 -999.000000
129.000000 128.000000 6.606900 -999.000000
131.000000 148.000000 5.000400 -999.000000
131.000000 169.000000 0.702000 -999.000000
128.000000 209.000000 2.708100 -999.000000
130.000000 231.000000 14.318100 -999.000000
131.000000 248.000000 2.899800 -999.000000
128.000000 269.000000 4.301100 -999.000000
148.000000 8.000000 7.025400 -999.000000
149.000000 29.000000 8.802000 -999.000000
150.000000 49.000000 8.982900 -999.000000
151.000000 69.000000 14.345100 -999.000000
150.000000 89.000000 14.774400 -999.000000
150.000000 109.000000 13.032900 -999.000000
150.000000 129.000000 2.270700 -999.000000
150.000000 151.000000 0.126900 -999.000000
149.000000 169.000000 4.876200 -999.000000
149.000000 251.000000 5.645700 -999.000000
148.000000 291.000000 2.810700 -999.000000
168.000000 8.000000 12.042000 -999.000000
171.000000 29.000000 5.127300 -999.000000
168.000000 91.000000 13.481100 -999.000000
168.000000 131.000000 9.212400 -999.000000
171.000000 150.000000 0.000000 -999.000000
171.000000 171.000000 5.624100 -999.000000
169.000000 191.000000 2.691900 -999.000000
170.000000 210.000000 17.188199 -999.000000
169.000000 249.000000 0.459000 -999.000000
190.000000 11.000000 9.409500 -999.000000
191.000000 48.000000 1.595700 -999.000000
190.000000 69.000000 0.000000 -999.000000
190.000000 89.000000 8.802000 -999.000000
188.000000 111.000000 8.777700 -999.000000
191.000000 129.000000 3.096900 -999.000000
189.000000 149.000000 13.003200 -999.000000
190.000000 169.000000 8.750700 -999.000000
190.000000 189.000000 0.294300 -999.000000
188.000000 210.000000 8.988300 -999.000000
191.000000 231.000000 4.978800 -999.000000
190.000000 248.000000 3.958200 -999.000000
189.000000 270.000000 2.484000 -999.000000
189.000000 290.000000 0.067500 -999.000000
211.000000 11.000000 9.668700 -999.000000
211.000000 49.000000 8.337600 -999.000000
209.000000 90.000000 21.926699 -999.000000
210.000000 111.000000 9.171900 -999.000000
208.000000 151.000000 18.184500 -999.000000
209.000000 168.000000 3.807000 -999.000000
208.000000 191.000000 1.668600 -999.000000
211.000000 228.000000 15.938100 -999.000000
211.000000 250.000000 4.506300 -999.000000
208.000000 289.000000 0.791100 -999.000000
231.000000 10.000000 16.675199 -999.000000
231.000000 28.000000 11.499300 -999.000000
230.000000 50.000000 7.983900 -999.000000
230.000000 71.000000 6.072300 -999.000000
229.000000 91.000000 0.855900 -999.000000
229.000000 110.000000 10.189800 -999.000000
230.000000 131.000000 8.999100 -999.000000
229.000000 169.000000 0.000000 -999.000000
231.000000 191.000000 3.715200 -999.000000
231.000000 208.000000 12.182400 -999.000000
229.000000 228.000000 17.266500 -999.000000
231.000000 249.000000 3.237300 -999.000000
231.000000 268.000000 0.734400 -999.000000
249.000000 9.000000 4.527900 -999.000000
250.000000 30.000000 3.990600 -999.000000
249.000000 48.000000 11.952900 -999.000000
251.000000 69.000000 13.167900 -999.000000
251.000000 91.000000 0.000000 -999.000000
248.000000 109.000000 0.761400 -999.000000
248.000000 150.000000 0.494100 -999.000000
250.000000 169.000000 7.190100 -999.000000
251.000000 208.000000 0.000000 -999.000000
249.000000 251.000000 6.328800 -999.000000
248.000000 270.000000 0.604800 -999.000000
250.000000 291.000000 1.231200 -999.000000
40.000000 71.000000 2.057400 0.002970
21.000000 69.000000 7.676100 0.021060
28.000000 80.000000 16.383600 0.284310
18.000000 80.000000 27.990899 2.323080
18.000000 60.000000 14.023801 0.478170
41.000000 90.000000 11.202300 0.063180
31.000000 101.000000 15.638400 0.800550
41.000000 100.000000 16.237801 0.811620
21.000000 100.000000 16.054199 0.620190
40.000000 11.000000 2.683800 0.005940
51.000000 18.000000 6.307200 0.038340
59.000000 20.000000 0.388800 0.000270
41.000000 21.000000 3.129300 0.008370
59.000000 90.000000 13.667400 0.342630
51.000000 101.000000 13.564800 0.199260
50.000000 81.000000 16.416000 0.568890
60.000000 81.000000 10.411200 0.135810
60.000000 151.000000 41.069699 9.967860
38.000000 148.000000 9.204300 0.135000
50.000000 160.000000 23.735699 1.280340
50.000000 138.000000 11.161800 0.224100
61.000000 158.000000 23.460301 2.656260
39.000000 160.000000 17.749801 0.588060
38.000000 140.000000 7.249500 0.070740
39.000000 170.000000 24.688801 4.180950
49.000000 179.000000 21.910500 0.634230
58.000000 179.000000 30.067199 5.817690
39.000000 181.000000 27.216000 9.820980
60.000000 191.000000 41.258699 5.213430
40.000000 190.000000 26.214301 3.755970
51.000000 198.000000 29.943000 4.484160
60.000000 198.000000 32.505301 4.896990
40.000000 200.000000 17.315100 0.672570
58.000000 208.000000 19.456199 3.132270
50.000000 221.000000 14.669100 2.879820
39.000000 221.000000 16.629301 1.136430
59.000000 268.000000 14.663699 4.628340
41.000000 271.000000 23.457600 2.237490
51.000000 260.000000 18.108900 10.095030
59.000000 281.000000 4.017600 1.822500
59.000000 258.000000 5.262300 2.654910
38.000000 260.000000 17.150400 2.069820
78.000000 28.000000 21.103199 1.526580
60.000000 29.000000 6.442200 0.034290
70.000000 41.000000 12.744000 0.229230
70.000000 21.000000 1.568700 0.000810
61.000000 41.000000 1.752300 0.002160
80.000000 131.000000 21.643199 1.136970
58.000000 128.000000 4.287600 0.011610
71.000000 140.000000 16.370100 0.472770
70.000000 121.000000 0.828900 0.000000
79.000000 138.000000 19.712699 4.575150
80.000000 119.000000 11.372400 0.094770
61.000000 121.000000 2.829600 0.004860
79.000000 149.000000 1.190700 0.000000
78.000000 159.000000 20.034000 9.103050
80.000000 168.000000 18.605699 1.713420
79.000000 181.000000 4.976100 0.652590
80.000000 188.000000 6.620400 1.163970
70.000000 198.000000 17.010000 5.378670
81.000000 200.000000 0.000000 0.000000
100.000000 48.000000 1.314900 0.000000
80.000000 49.000000 20.449801 1.279260
90.000000 58.000000 19.974600 0.756540
88.000000 39.000000 14.058900 0.207360
100.000000 60.000000 0.000000 0.000000
80.000000 59.000000 0.000000 0.000000
101.000000 38.000000 19.723500 1.252800
101.000000 68.000000 10.343700 0.264060
79.000000 70.000000 13.737600 0.280530
100.000000 78.000000 10.054800 0.191430
100.000000 91.000000 10.724400 0.105030
80.000000 89.000000 16.591500 0.519210
91.000000 99.000000 19.842301 0.430920
101.000000 100.000000 16.181100 1.456110
81.000000 98.000000 4.892400 0.003510
98.000000 111.000000 20.109600 5.364900
81.000000 108.000000 27.602100 1.736100
90.000000 120.000000 24.281100 3.483810
100.000000 118.000000 9.819900 0.055350
98.000000 130.000000 13.856400 0.712530
90.000000 140.000000 17.517600 5.798250
90.000000 138.000000 17.425801 5.203170
121.000000 131.000000 0.351000 0.000540
108.000000 121.000000 24.111000 8.291430
120.000000 141.000000 2.826900 0.039420
119.000000 118.000000 4.060800 0.045630
158.000000 228.000000 15.076801 1.489320
140.000000 229.000000 15.066000 1.387530
151.000000 218.000000 10.646100 0.645840
161.000000 241.000000 3.831300 0.023220
139.000000 220.000000 14.469301 1.203390
178.000000 211.000000 10.751400 1.516860
159.000000 209.000000 13.967100 0.401760
169.000000 221.000000 11.534400 0.532440
180.000000 218.000000 10.116900 0.209250
178.000000 201.000000 3.909600 0.219510
158.000000 198.000000 4.584600 0.417150
219.000000 88.000000 6.347700 0.369630
198.000000 90.000000 16.515900 1.986660
208.000000 80.000000 11.788200 1.338660
221.000000 99.000000 14.604301 1.584360
220.000000 81.000000 7.346700 0.478710
198.000000 78.000000 5.510700 0.232200
208.000000 159.000000 9.612000 0.757080
221.000000 160.000000 8.148600 0.987120
219.000000 139.000000 4.503600 0.066150
200.000000 139.000000 6.234300 0.113940
239.000000 8.000000 6.488100 0.216540
218.000000 8.000000 19.901699 3.708180
229.000000 19.000000 14.002199 0.398790
239.000000 18.000000 10.548900 0.504090
218.000000 18.000000 21.529801 3.860190
238.000000 229.000000 16.270199 4.079430
218.000000 228.000000 11.631600 0.716040
231.000000 239.000000 9.560700 1.290600
230.000000 221.000000 16.264801 1.455030
221.000000 241.000000 8.769600 0.785430
239.000000 220.000000 11.342700 1.075410
218.000000 218.000000 20.614500 3.339090
35.000000 71.000000 18.570600 1.314360
24.000000 71.000000 19.866600 1.252530
34.000000 88.000000 2.346300 0.000270
46.000000 11.000000 13.832100 1.058400
55.000000 89.000000 11.431800 0.057240
45.000000 89.000000 15.379199 0.169560
53.000000 150.000000 23.166000 2.357100
46.000000 148.000000 6.318000 0.020250
55.000000 168.000000 23.652000 0.777870
43.000000 170.000000 29.235601 3.172230
55.000000 191.000000 37.600199 2.712690
46.000000 211.000000 13.748400 1.160190
54.000000 269.000000 16.553699 7.890480
43.000000 271.000000 20.730600 0.534870
73.000000 29.000000 17.533801 0.625590
64.000000 31.000000 6.355800 0.029160
75.000000 129.000000 21.135600 1.726110
73.000000 149.000000 19.518301 1.879470
64.000000 151.000000 26.311500 1.793070
63.000000 168.000000 32.826601 3.904470
73.000000 188.000000 18.551699 6.349050
64.000000 191.000000 34.017301 3.395520
93.000000 48.000000 18.562500 1.007640
86.000000 48.000000 12.741300 0.085860
93.000000 70.000000 13.826699 0.529470
84.000000 69.000000 26.025301 3.267000
93.000000 90.000000 23.598000 2.784510
86.000000 89.000000 15.724801 0.315900
96.000000 111.000000 14.936400 0.973350
85.000000 108.000000 25.307100 4.037850
106.000000 130.000000 17.590500 5.285790
155.000000 229.000000 10.432800 0.238140
174.000000 208.000000 9.158400 0.904500
215.000000 89.000000 16.070400 3.933900
205.000000 89.000000 21.859199 2.580660
215.000000 148.000000 7.919100 0.182790
204.000000 151.000000 18.827100 1.200150
236.000000 9.000000 13.929301 4.303260
223.000000 9.000000 16.556400 0.749520
226.000000 230.000000 21.967199 6.155460
35.000000 80.000000 4.719600 0.005400
24.000000 79.000000 24.078600 1.716390
36.000000 61.000000 18.889199 4.179060
26.000000 58.000000 1.066500 0.000810
16.000000 80.000000 24.721199 1.713960
43.000000 60.000000 15.768000 0.262980
15.000000 88.000000 16.470000 0.862110
46.000000 99.000000 15.303600 0.270540
54.000000 80.000000 13.041000 0.283500
46.000000 81.000000 14.650199 0.374220
54.000000 161.000000 25.901100 1.260090
43.000000 161.000000 17.061301 0.704970
65.000000 160.000000 25.064100 6.081750
33.000000 160.000000 11.637000 0.131220
36.000000 170.000000 18.152100 1.634850
53.000000 179.000000 27.091801 1.148580
44.000000 180.000000 23.662801 2.532060
65.000000 181.000000 19.820699 1.591110
34.000000 180.000000 9.882000 0.297540
33.000000 191.000000 8.005500 0.213570
55.000000 199.000000 28.868399 1.016280
46.000000 198.000000 21.716100 1.821420
34.000000 201.000000 8.588700 0.214920
65.000000 210.000000 6.442200 1.318410
35.000000 208.000000 11.580300 0.435240
46.000000 220.000000 19.828801 3.337470
35.000000 217.000000 16.129801 1.071900
53.000000 258.000000 11.950200 4.580280
45.000000 281.000000 16.348500 2.523960
35.000000 278.000000 21.489301 4.288410
35.000000 259.000000 6.345000 0.051030
84.000000 30.000000 15.174000 0.230310
84.000000 41.000000 11.107800 0.091800
75.000000 40.000000 18.810900 0.961740
63.000000 140.000000 18.805500 0.966060
84.000000 138.000000 18.557100 2.412180
76.000000 159.000000 16.132500 2.692710
84.000000 161.000000 11.809800 1.045440
86.000000 169.000000 8.569800 2.056590
76.000000 51.000000 13.464900 0.274860
94.000000 61.000000 21.024900 3.655800
85.000000 60.000000 14.129100 0.317250
104.000000 38.000000 16.661699 0.540540
93.000000 41.000000 10.678500 0.076680
94.000000 101.000000 10.359900 0.034830
85.000000 100.000000 19.010699 0.340200
104.000000 109.000000 15.182100 2.453220
75.000000 110.000000 17.693100 0.942300
95.000000 121.000000 22.237199 1.480680
83.000000 119.000000 22.887900 1.893780
94.000000 140.000000 16.402500 1.952640
103.000000 139.000000 13.262400 1.526310
114.000000 120.000000 8.626500 0.416340
104.000000 118.000000 16.038000 0.780840
196.000000 91.000000 11.704500 0.686070
204.000000 101.000000 14.412600 0.343710
196.000000 101.000000 15.994801 1.132380
195.000000 149.000000 12.924900 0.383130
216.000000 11.000000 17.825400 3.846960
225.000000 19.000000 22.469400 1.382940
214.000000 19.000000 6.547500 0.042120
245.000000 231.000000 4.352400 0.070470
233.000000 220.000000 16.902000 2.591190
